2530
0
5571
1
3475
2
6469
3
4684
4
6307
5
7913
6
6184
7
4400
8
1893
9
2094
10
3467
11
1837
12
2358
13
1973
14
3038
15
7130
16
2057
17
3314
18
5568
19
3156
20
5896
21
3797
22
6906
23
5367
24
1349
25
6707
26
7988
27
4159
28
8725
29
4488
30
7014
31
7285
32
2754
33
4494
34
9451
35
1644
36
5638
37
5929
38
6851
39
2411
40
46
41
1544
42
9220
43
8425
44
3932
45
2150
46
2748
47
2533
48
5890
49
4048
50
7377
51
4085
52
8853
53
2748
7241
54
4315
55
5292
56
4263
57
3999
58
5948
59
5545
60
6040
61
9088
62
4410
63
8741
64
2408
65
9272
66
173
67
3066
68
5871
69
5809
70
4546
71
289
72
9161
73
8825
74
2663
75
7710
76
1272
77
5648
78
4100
79
9559
80
4017
81
7862
82
8983
83
1446
84
5473
85
9728
86
7751
87
8524
88
2660
89
7846
90
1497
91
7
92
7852
93
2590
94
1951
95
4935
96
4524
97
2641
98
7374
99
4655
100
9897
101
2374
102
782
103
6892
104
552
105
8675
106
5824
107
7485
108
5569
109
9481
110
5289
111
2166
112
213
113
3972
114
3511
115
1186
116
3177
117
7674
118
6989
119
7974
120
8000
121
3636
122
7804
123
7031
124
1985
125
5203
126
1018
127
6202
128
7203
129
6927
130
8055
131
6158
132
8309
133
6927
6064
134
2984
135
1388
136
1743
137
7054
138
6434
139
7202
140
8824
141
5449
142
6721
143
2369
144
6014
145
4341
146
1838
147
27
148
3760
149
7208
150
9917
151
7393
152
3804
153
4324
154
6704
155
6780
156
1969
157
7283
158
8781
159
3314
1095
160
6827
161
293
162
6260
163
9589
164
tree left
7207
165
3571
166
8000
3930
167
9045
168
3164
169
528
170
6123
171
1240
172
242
173
382
174
9050
175
6588
176
664
177
9036
178
429
179
5596
180
2352
181
425
182
296
183
4801
184
6949
185
7047
186
360
187
8259
188
9173
189
9667
190
4157
191
6075
192
5702
193
276
194
671
195
5544
196
149
197
514
198
1287
199
1 1
